2022-10-01 00:02:32.625 [main] INFO  com.stackqueue.App - Implementation of Stack & Queue using Linked List!
2022-10-01 00:02:55.683 [main] INFO  com.stackqueue.App - Implementation of Stack & Queue using Linked List!
2022-10-01 00:03:06.654 [main] INFO  com.stackqueue.App - Implementation of Stack & Queue using Linked List!
2022-10-01 00:07:07.516 [main] INFO  com.stackqueue.App - Implementation of Stack & Queue using Linked List!
2022-10-01 00:16:38.768 [main] INFO  com.stackqueue.App - Implementation of Stack & Queue using Linked List!
2022-10-01 00:16:38.774 [main] INFO  com.stackqueue.App - 56
2022-10-01 00:16:38.774 [main] INFO  com.stackqueue.App - 30
2022-10-01 00:16:38.775 [main] INFO  com.stackqueue.App - 70
2022-10-01 00:21:08.148 [main] INFO  com.stackqueue.App - Implementation of Stack & Queue using Linked List!
2022-10-01 00:21:08.164 [main] INFO  com.stackqueue.App - 56
2022-10-01 00:21:08.165 [main] INFO  com.stackqueue.App - 30
2022-10-01 00:21:08.166 [main] INFO  com.stackqueue.App - 70
2022-10-01 00:32:19.223 [main] INFO  com.stackqueue.App - Implementation of Stack & Queue using Linked List!
2022-10-01 00:32:19.232 [main] INFO  com.stackqueue.App - 56
2022-10-01 00:32:19.232 [main] INFO  com.stackqueue.App - 30
2022-10-01 00:32:19.232 [main] INFO  com.stackqueue.App - 70
2022-10-01 00:33:57.933 [main] INFO  com.stackqueue.App - Implementation of Stack & Queue using Linked List!
2022-10-01 00:33:57.946 [main] INFO  com.stackqueue.App - 56
2022-10-01 00:33:57.946 [main] INFO  com.stackqueue.App - 30
2022-10-01 00:33:57.948 [main] INFO  com.stackqueue.App - 70
2022-10-01 00:38:51.184 [main] INFO  com.stackqueue.App - Implementation of Stack & Queue using Linked List!
2022-10-01 00:38:51.190 [main] INFO  com.stackqueue.App - 56
2022-10-01 00:38:51.190 [main] INFO  com.stackqueue.App - 30
2022-10-01 00:38:51.191 [main] INFO  com.stackqueue.App - 70
2022-10-01 00:38:51.193 [main] INFO  com.stackqueue.App - Queue implementation
2022-10-01 00:38:51.193 [main] INFO  com.stackqueue.App - 56
2022-10-01 00:38:51.194 [main] INFO  com.stackqueue.App - 56
2022-10-01 00:38:51.195 [main] INFO  com.stackqueue.App - 56
2022-10-01 00:38:51.196 [main] INFO  com.stackqueue.App - 56
2022-10-01 00:38:51.197 [main] INFO  com.stackqueue.App - 56
2022-10-01 00:38:51.197 [main] INFO  com.stackqueue.App - 56
2022-10-01 00:38:51.198 [main] INFO  com.stackqueue.App - 56
2022-10-01 00:38:51.199 [main] INFO  com.stackqueue.App - 56
2022-10-01 00:38:51.200 [main] INFO  com.stackqueue.App - 56
2022-10-01 00:38:51.201 [main] INFO  com.stackqueue.App - 56
2022-10-01 00:38:51.201 [main] INFO  com.stackqueue.App - 56
2022-10-01 00:38:51.202 [main] INFO  com.stackqueue.App - 56
2022-10-01 00:38:51.203 [main] INFO  com.stackqueue.App - 56
2022-10-01 00:38:51.204 [main] INFO  com.stackqueue.App - 56
2022-10-01 00:38:51.205 [main] INFO  com.stackqueue.App - 56
2022-10-01 00:38:51.206 [main] INFO  com.stackqueue.App - 56
2022-10-01 00:38:51.207 [main] INFO  com.stackqueue.App - 56
2022-10-01 00:38:51.208 [main] INFO  com.stackqueue.App - 56
2022-10-01 00:38:51.208 [main] INFO  com.stackqueue.App - 56
2022-10-01 00:38:51.209 [main] INFO  com.stackqueue.App - 56
2022-10-01 00:38:51.210 [main] INFO  com.stackqueue.App - 56
2022-10-01 00:38:51.211 [main] INFO  com.stackqueue.App - 56
2022-10-01 00:38:51.212 [main] INFO  com.stackqueue.App - 56
2022-10-01 00:38:51.213 [main] INFO  com.stackqueue.App - 56
2022-10-01 00:38:51.214 [main] INFO  com.stackqueue.App - 56
2022-10-01 00:38:51.215 [main] INFO  com.stackqueue.App - 56
2022-10-01 00:38:51.217 [main] INFO  com.stackqueue.App - 56
2022-10-01 00:38:51.220 [main] INFO  com.stackqueue.App - 56
2022-10-01 00:38:51.222 [main] INFO  com.stackqueue.App - 56
2022-10-01 00:38:51.222 [main] INFO  com.stackqueue.App - 56
2022-10-01 00:38:51.223 [main] INFO  com.stackqueue.App - 56
2022-10-01 00:38:51.224 [main] INFO  com.stackqueue.App - 56
2022-10-01 00:38:51.225 [main] INFO  com.stackqueue.App - 56
2022-10-01 00:38:51.225 [main] INFO  com.stackqueue.App - 56
2022-10-01 00:38:51.226 [main] INFO  com.stackqueue.App - 56
2022-10-01 00:38:51.227 [main] INFO  com.stackqueue.App - 56
2022-10-01 00:38:51.228 [main] INFO  com.stackqueue.App - 56
2022-10-01 00:38:51.229 [main] INFO  com.stackqueue.App - 56
2022-10-01 00:38:51.229 [main] INFO  com.stackqueue.App - 56
2022-10-01 00:38:51.230 [main] INFO  com.stackqueue.App - 56
2022-10-01 00:38:51.231 [main] INFO  com.stackqueue.App - 56
2022-10-01 00:38:51.231 [main] INFO  com.stackqueue.App - 56
2022-10-01 00:38:51.232 [main] INFO  com.stackqueue.App - 56
2022-10-01 00:38:51.235 [main] INFO  com.stackqueue.App - 56
2022-10-01 00:38:51.237 [main] INFO  com.stackqueue.App - 56
2022-10-01 00:38:51.239 [main] INFO  com.stackqueue.App - 56
2022-10-01 00:38:51.240 [main] INFO  com.stackqueue.App - 56
2022-10-01 00:38:51.240 [main] INFO  com.stackqueue.App - 56
2022-10-01 00:38:51.241 [main] INFO  com.stackqueue.App - 56
2022-10-01 00:38:51.242 [main] INFO  com.stackqueue.App - 56
2022-10-01 00:38:51.243 [main] INFO  com.stackqueue.App - 56
2022-10-01 00:38:51.244 [main] INFO  com.stackqueue.App - 56
2022-10-01 00:38:51.244 [main] INFO  com.stackqueue.App - 56
2022-10-01 00:38:51.245 [main] INFO  com.stackqueue.App - 56
2022-10-01 00:38:51.246 [main] INFO  com.stackqueue.App - 56
2022-10-01 00:38:51.247 [main] INFO  com.stackqueue.App - 56
2022-10-01 00:38:51.247 [main] INFO  com.stackqueue.App - 56
2022-10-01 00:38:51.248 [main] INFO  com.stackqueue.App - 56
2022-10-01 00:38:51.250 [main] INFO  com.stackqueue.App - 56
2022-10-01 00:38:51.251 [main] INFO  com.stackqueue.App - 56
2022-10-01 00:38:51.251 [main] INFO  com.stackqueue.App - 56
2022-10-01 00:38:51.252 [main] INFO  com.stackqueue.App - 56
2022-10-01 00:38:51.253 [main] INFO  com.stackqueue.App - 56
2022-10-01 00:38:51.253 [main] INFO  com.stackqueue.App - 56
2022-10-01 00:38:51.254 [main] INFO  com.stackqueue.App - 56
2022-10-01 00:38:51.254 [main] INFO  com.stackqueue.App - 56
2022-10-01 00:38:51.255 [main] INFO  com.stackqueue.App - 56
2022-10-01 00:38:51.256 [main] INFO  com.stackqueue.App - 56
2022-10-01 00:38:51.257 [main] INFO  com.stackqueue.App - 56
2022-10-01 00:38:51.258 [main] INFO  com.stackqueue.App - 56
2022-10-01 00:38:51.260 [main] INFO  com.stackqueue.App - 56
2022-10-01 00:38:51.261 [main] INFO  com.stackqueue.App - 56
2022-10-01 00:38:51.263 [main] INFO  com.stackqueue.App - 56
2022-10-01 00:38:51.265 [main] INFO  com.stackqueue.App - 56
2022-10-01 00:38:51.267 [main] INFO  com.stackqueue.App - 56
2022-10-01 00:38:51.268 [main] INFO  com.stackqueue.App - 56
2022-10-01 00:38:51.269 [main] INFO  com.stackqueue.App - 56
2022-10-01 00:38:51.270 [main] INFO  com.stackqueue.App - 56
2022-10-01 00:38:51.274 [main] INFO  com.stackqueue.App - 56
2022-10-01 00:38:51.275 [main] INFO  com.stackqueue.App - 56
2022-10-01 00:38:51.276 [main] INFO  com.stackqueue.App - 56
2022-10-01 00:38:51.278 [main] INFO  com.stackqueue.App - 56
2022-10-01 00:38:51.279 [main] INFO  com.stackqueue.App - 56
2022-10-01 00:38:51.281 [main] INFO  com.stackqueue.App - 56
2022-10-01 00:38:51.281 [main] INFO  com.stackqueue.App - 56
2022-10-01 00:38:51.282 [main] INFO  com.stackqueue.App - 56
2022-10-01 00:38:51.283 [main] INFO  com.stackqueue.App - 56
2022-10-01 00:38:51.284 [main] INFO  com.stackqueue.App - 56
2022-10-01 00:38:51.285 [main] INFO  com.stackqueue.App - 56
2022-10-01 00:38:51.287 [main] INFO  com.stackqueue.App - 56
2022-10-01 00:38:51.290 [main] INFO  com.stackqueue.App - 56
2022-10-01 00:38:51.293 [main] INFO  com.stackqueue.App - 56
2022-10-01 00:38:51.295 [main] INFO  com.stackqueue.App - 56
2022-10-01 00:38:51.296 [main] INFO  com.stackqueue.App - 56
2022-10-01 00:38:51.298 [main] INFO  com.stackqueue.App - 56
2022-10-01 00:38:51.300 [main] INFO  com.stackqueue.App - 56
2022-10-01 00:38:51.301 [main] INFO  com.stackqueue.App - 56
2022-10-01 00:38:51.302 [main] INFO  com.stackqueue.App - 56
2022-10-01 00:38:51.304 [main] INFO  com.stackqueue.App - 56
2022-10-01 00:38:51.305 [main] INFO  com.stackqueue.App - 56
2022-10-01 00:38:51.308 [main] INFO  com.stackqueue.App - 56
2022-10-01 00:38:51.310 [main] INFO  com.stackqueue.App - 56
2022-10-01 00:38:51.311 [main] INFO  com.stackqueue.App - 56
2022-10-01 00:38:51.314 [main] INFO  com.stackqueue.App - 56
2022-10-01 00:38:51.316 [main] INFO  com.stackqueue.App - 56
2022-10-01 00:38:51.317 [main] INFO  com.stackqueue.App - 56
2022-10-01 00:38:51.319 [main] INFO  com.stackqueue.App - 56
2022-10-01 00:38:51.321 [main] INFO  com.stackqueue.App - 56
2022-10-01 00:38:51.323 [main] INFO  com.stackqueue.App - 56
2022-10-01 00:38:51.325 [main] INFO  com.stackqueue.App - 56
2022-10-01 00:38:51.326 [main] INFO  com.stackqueue.App - 56
2022-10-01 00:38:51.330 [main] INFO  com.stackqueue.App - 56
2022-10-01 00:38:51.334 [main] INFO  com.stackqueue.App - 56
2022-10-01 00:38:51.346 [main] INFO  com.stackqueue.App - 56
2022-10-01 00:38:51.354 [main] INFO  com.stackqueue.App - 56
2022-10-01 00:38:51.357 [main] INFO  com.stackqueue.App - 56
2022-10-01 00:38:51.361 [main] INFO  com.stackqueue.App - 56
2022-10-01 00:38:51.363 [main] INFO  com.stackqueue.App - 56
2022-10-01 00:38:51.365 [main] INFO  com.stackqueue.App - 56
2022-10-01 00:38:51.369 [main] INFO  com.stackqueue.App - 56
2022-10-01 00:38:51.372 [main] INFO  com.stackqueue.App - 56
2022-10-01 00:38:51.373 [main] INFO  com.stackqueue.App - 56
2022-10-01 00:38:51.379 [main] INFO  com.stackqueue.App - 56
2022-10-01 00:38:51.384 [main] INFO  com.stackqueue.App - 56
2022-10-01 00:38:51.388 [main] INFO  com.stackqueue.App - 56
2022-10-01 00:38:51.389 [main] INFO  com.stackqueue.App - 56
2022-10-01 00:38:51.392 [main] INFO  com.stackqueue.App - 56
2022-10-01 00:38:51.394 [main] INFO  com.stackqueue.App - 56
2022-10-01 00:38:51.395 [main] INFO  com.stackqueue.App - 56
2022-10-01 00:38:51.397 [main] INFO  com.stackqueue.App - 56
2022-10-01 00:38:51.400 [main] INFO  com.stackqueue.App - 56
2022-10-01 00:38:51.403 [main] INFO  com.stackqueue.App - 56
2022-10-01 00:38:51.409 [main] INFO  com.stackqueue.App - 56
2022-10-01 00:38:51.411 [main] INFO  com.stackqueue.App - 56
2022-10-01 00:38:51.417 [main] INFO  com.stackqueue.App - 56
2022-10-01 00:38:51.425 [main] INFO  com.stackqueue.App - 56
2022-10-01 00:38:51.428 [main] INFO  com.stackqueue.App - 56
2022-10-01 00:38:51.430 [main] INFO  com.stackqueue.App - 56
2022-10-01 00:38:51.432 [main] INFO  com.stackqueue.App - 56
2022-10-01 00:38:51.434 [main] INFO  com.stackqueue.App - 56
2022-10-01 00:38:51.437 [main] INFO  com.stackqueue.App - 56
2022-10-01 00:38:51.439 [main] INFO  com.stackqueue.App - 56
2022-10-01 00:38:51.442 [main] INFO  com.stackqueue.App - 56
2022-10-01 00:38:51.443 [main] INFO  com.stackqueue.App - 56
2022-10-01 00:38:51.449 [main] INFO  com.stackqueue.App - 56
2022-10-01 00:38:51.454 [main] INFO  com.stackqueue.App - 56
2022-10-01 00:38:51.463 [main] INFO  com.stackqueue.App - 56
2022-10-01 00:38:51.466 [main] INFO  com.stackqueue.App - 56
2022-10-01 00:38:51.469 [main] INFO  com.stackqueue.App - 56
2022-10-01 00:38:51.470 [main] INFO  com.stackqueue.App - 56
2022-10-01 00:38:51.472 [main] INFO  com.stackqueue.App - 56
2022-10-01 00:38:51.477 [main] INFO  com.stackqueue.App - 56
2022-10-01 00:38:51.479 [main] INFO  com.stackqueue.App - 56
2022-10-01 00:38:51.485 [main] INFO  com.stackqueue.App - 56
2022-10-01 00:38:51.489 [main] INFO  com.stackqueue.App - 56
2022-10-01 00:38:51.493 [main] INFO  com.stackqueue.App - 56
2022-10-01 00:38:51.494 [main] INFO  com.stackqueue.App - 56
2022-10-01 00:38:51.495 [main] INFO  com.stackqueue.App - 56
2022-10-01 00:38:51.496 [main] INFO  com.stackqueue.App - 56
2022-10-01 00:38:51.497 [main] INFO  com.stackqueue.App - 56
2022-10-01 00:38:51.498 [main] INFO  com.stackqueue.App - 56
2022-10-01 00:38:51.499 [main] INFO  com.stackqueue.App - 56
2022-10-01 00:38:51.501 [main] INFO  com.stackqueue.App - 56
2022-10-01 00:38:51.503 [main] INFO  com.stackqueue.App - 56
2022-10-01 00:38:51.505 [main] INFO  com.stackqueue.App - 56
2022-10-01 00:38:51.507 [main] INFO  com.stackqueue.App - 56
2022-10-01 00:38:51.508 [main] INFO  com.stackqueue.App - 56
2022-10-01 00:38:51.508 [main] INFO  com.stackqueue.App - 56
2022-10-01 00:38:51.510 [main] INFO  com.stackqueue.App - 56
2022-10-01 00:38:51.510 [main] INFO  com.stackqueue.App - 56
2022-10-01 00:38:51.512 [main] INFO  com.stackqueue.App - 56
2022-10-01 00:38:51.516 [main] INFO  com.stackqueue.App - 56
2022-10-01 00:38:51.517 [main] INFO  com.stackqueue.App - 56
2022-10-01 00:38:51.517 [main] INFO  com.stackqueue.App - 56
2022-10-01 00:38:51.518 [main] INFO  com.stackqueue.App - 56
2022-10-01 00:38:51.518 [main] INFO  com.stackqueue.App - 56
2022-10-01 00:38:51.519 [main] INFO  com.stackqueue.App - 56
2022-10-01 00:38:51.520 [main] INFO  com.stackqueue.App - 56
2022-10-01 00:38:51.522 [main] INFO  com.stackqueue.App - 56
2022-10-01 00:38:51.525 [main] INFO  com.stackqueue.App - 56
2022-10-01 00:38:51.533 [main] INFO  com.stackqueue.App - 56
2022-10-01 00:38:51.558 [main] INFO  com.stackqueue.App - 56
2022-10-01 00:38:51.559 [main] INFO  com.stackqueue.App - 56
2022-10-01 00:38:51.577 [main] INFO  com.stackqueue.App - 56
2022-10-01 00:38:51.578 [main] INFO  com.stackqueue.App - 56
2022-10-01 00:38:51.578 [main] INFO  com.stackqueue.App - 56
2022-10-01 00:38:51.601 [main] INFO  com.stackqueue.App - 56
2022-10-01 00:38:51.607 [main] INFO  com.stackqueue.App - 56
2022-10-01 00:38:51.617 [main] INFO  com.stackqueue.App - 56
2022-10-01 00:38:51.625 [main] INFO  com.stackqueue.App - 56
2022-10-01 00:38:51.633 [main] INFO  com.stackqueue.App - 56
2022-10-01 00:38:51.636 [main] INFO  com.stackqueue.App - 56
2022-10-01 00:38:51.641 [main] INFO  com.stackqueue.App - 56
2022-10-01 00:38:51.643 [main] INFO  com.stackqueue.App - 56
2022-10-01 00:38:51.644 [main] INFO  com.stackqueue.App - 56
2022-10-01 00:38:51.645 [main] INFO  com.stackqueue.App - 56
2022-10-01 00:38:51.647 [main] INFO  com.stackqueue.App - 56
2022-10-01 00:38:51.648 [main] INFO  com.stackqueue.App - 56
2022-10-01 00:38:51.649 [main] INFO  com.stackqueue.App - 56
2022-10-01 00:38:51.651 [main] INFO  com.stackqueue.App - 56
2022-10-01 00:38:51.653 [main] INFO  com.stackqueue.App - 56
2022-10-01 00:38:51.655 [main] INFO  com.stackqueue.App - 56
2022-10-01 00:38:51.658 [main] INFO  com.stackqueue.App - 56
2022-10-01 00:38:51.659 [main] INFO  com.stackqueue.App - 56
2022-10-01 00:38:51.661 [main] INFO  com.stackqueue.App - 56
2022-10-01 00:38:51.663 [main] INFO  com.stackqueue.App - 56
2022-10-01 00:38:51.665 [main] INFO  com.stackqueue.App - 56
2022-10-01 00:38:51.667 [main] INFO  com.stackqueue.App - 56
2022-10-01 00:38:51.669 [main] INFO  com.stackqueue.App - 56
2022-10-01 00:38:51.671 [main] INFO  com.stackqueue.App - 56
2022-10-01 00:38:51.674 [main] INFO  com.stackqueue.App - 56
2022-10-01 00:38:51.677 [main] INFO  com.stackqueue.App - 56
2022-10-01 00:38:51.679 [main] INFO  com.stackqueue.App - 56
2022-10-01 00:38:51.691 [main] INFO  com.stackqueue.App - 56
2022-10-01 00:38:51.697 [main] INFO  com.stackqueue.App - 56
2022-10-01 00:38:51.702 [main] INFO  com.stackqueue.App - 56
2022-10-01 00:38:51.704 [main] INFO  com.stackqueue.App - 56
2022-10-01 00:38:51.708 [main] INFO  com.stackqueue.App - 56
2022-10-01 00:38:51.709 [main] INFO  com.stackqueue.App - 56
2022-10-01 00:38:51.721 [main] INFO  com.stackqueue.App - 56
2022-10-01 00:38:51.723 [main] INFO  com.stackqueue.App - 56
2022-10-01 00:38:51.727 [main] INFO  com.stackqueue.App - 56
2022-10-01 00:38:51.774 [main] INFO  com.stackqueue.App - 56
2022-10-01 00:38:51.778 [main] INFO  com.stackqueue.App - 56
2022-10-01 00:38:51.780 [main] INFO  com.stackqueue.App - 56
2022-10-01 00:38:51.780 [main] INFO  com.stackqueue.App - 56
2022-10-01 00:38:51.782 [main] INFO  com.stackqueue.App - 56
2022-10-01 00:38:51.783 [main] INFO  com.stackqueue.App - 56
2022-10-01 00:38:51.784 [main] INFO  com.stackqueue.App - 56
2022-10-01 00:38:51.788 [main] INFO  com.stackqueue.App - 56
2022-10-01 00:38:51.791 [main] INFO  com.stackqueue.App - 56
2022-10-01 00:38:51.791 [main] INFO  com.stackqueue.App - 56
2022-10-01 00:38:51.795 [main] INFO  com.stackqueue.App - 56
2022-10-01 00:38:51.796 [main] INFO  com.stackqueue.App - 56
2022-10-01 00:38:51.797 [main] INFO  com.stackqueue.App - 56
2022-10-01 00:38:51.799 [main] INFO  com.stackqueue.App - 56
2022-10-01 00:38:51.805 [main] INFO  com.stackqueue.App - 56
2022-10-01 00:38:51.811 [main] INFO  com.stackqueue.App - 56
2022-10-01 00:38:51.813 [main] INFO  com.stackqueue.App - 56
2022-10-01 00:38:51.815 [main] INFO  com.stackqueue.App - 56
2022-10-01 00:38:51.818 [main] INFO  com.stackqueue.App - 56
2022-10-01 00:38:51.820 [main] INFO  com.stackqueue.App - 56
2022-10-01 00:38:51.822 [main] INFO  com.stackqueue.App - 56
2022-10-01 00:38:51.826 [main] INFO  com.stackqueue.App - 56
2022-10-01 00:38:51.829 [main] INFO  com.stackqueue.App - 56
2022-10-01 00:38:51.831 [main] INFO  com.stackqueue.App - 56
2022-10-01 00:38:51.832 [main] INFO  com.stackqueue.App - 56
2022-10-01 00:38:51.835 [main] INFO  com.stackqueue.App - 56
2022-10-01 00:38:51.836 [main] INFO  com.stackqueue.App - 56
2022-10-01 00:38:51.838 [main] INFO  com.stackqueue.App - 56
2022-10-01 00:38:51.842 [main] INFO  com.stackqueue.App - 56
2022-10-01 00:38:51.846 [main] INFO  com.stackqueue.App - 56
2022-10-01 00:38:51.848 [main] INFO  com.stackqueue.App - 56
2022-10-01 00:38:51.850 [main] INFO  com.stackqueue.App - 56
2022-10-01 00:38:51.851 [main] INFO  com.stackqueue.App - 56
2022-10-01 00:38:51.852 [main] INFO  com.stackqueue.App - 56
2022-10-01 00:38:51.853 [main] INFO  com.stackqueue.App - 56
2022-10-01 00:38:51.856 [main] INFO  com.stackqueue.App - 56
2022-10-01 00:38:51.858 [main] INFO  com.stackqueue.App - 56
2022-10-01 00:38:51.859 [main] INFO  com.stackqueue.App - 56
2022-10-01 00:38:51.860 [main] INFO  com.stackqueue.App - 56
2022-10-01 00:38:51.861 [main] INFO  com.stackqueue.App - 56
2022-10-01 00:38:51.865 [main] INFO  com.stackqueue.App - 56
2022-10-01 00:38:51.866 [main] INFO  com.stackqueue.App - 56
2022-10-01 00:38:51.868 [main] INFO  com.stackqueue.App - 56
2022-10-01 00:38:51.868 [main] INFO  com.stackqueue.App - 56
2022-10-01 00:38:51.869 [main] INFO  com.stackqueue.App - 56
2022-10-01 00:38:51.875 [main] INFO  com.stackqueue.App - 56
2022-10-01 00:38:51.876 [main] INFO  com.stackqueue.App - 56
2022-10-01 00:38:51.878 [main] INFO  com.stackqueue.App - 56
2022-10-01 00:38:51.880 [main] INFO  com.stackqueue.App - 56
2022-10-01 00:38:51.881 [main] INFO  com.stackqueue.App - 56
2022-10-01 00:38:51.883 [main] INFO  com.stackqueue.App - 56
2022-10-01 00:38:51.884 [main] INFO  com.stackqueue.App - 56
2022-10-01 00:38:51.892 [main] INFO  com.stackqueue.App - 56
2022-10-01 00:38:51.896 [main] INFO  com.stackqueue.App - 56
2022-10-01 00:38:51.896 [main] INFO  com.stackqueue.App - 56
2022-10-01 00:38:51.898 [main] INFO  com.stackqueue.App - 56
2022-10-01 00:38:51.899 [main] INFO  com.stackqueue.App - 56
2022-10-01 00:38:51.900 [main] INFO  com.stackqueue.App - 56
2022-10-01 00:38:51.901 [main] INFO  com.stackqueue.App - 56
2022-10-01 00:38:51.902 [main] INFO  com.stackqueue.App - 56
2022-10-01 00:38:51.903 [main] INFO  com.stackqueue.App - 56
2022-10-01 00:38:51.904 [main] INFO  com.stackqueue.App - 56
2022-10-01 00:38:51.905 [main] INFO  com.stackqueue.App - 56
2022-10-01 00:38:51.908 [main] INFO  com.stackqueue.App - 56
2022-10-01 00:38:51.909 [main] INFO  com.stackqueue.App - 56
2022-10-01 00:38:51.911 [main] INFO  com.stackqueue.App - 56
2022-10-01 00:38:51.943 [main] INFO  com.stackqueue.App - 56
2022-10-01 00:38:51.964 [main] INFO  com.stackqueue.App - 56
2022-10-01 00:38:52.016 [main] INFO  com.stackqueue.App - 56
2022-10-01 00:38:52.049 [main] INFO  com.stackqueue.App - 56
2022-10-01 00:38:52.068 [main] INFO  com.stackqueue.App - 56
2022-10-01 00:38:52.070 [main] INFO  com.stackqueue.App - 56
2022-10-01 00:38:52.071 [main] INFO  com.stackqueue.App - 56
2022-10-01 00:38:52.072 [main] INFO  com.stackqueue.App - 56
2022-10-01 00:38:52.074 [main] INFO  com.stackqueue.App - 56
2022-10-01 00:38:52.078 [main] INFO  com.stackqueue.App - 56
2022-10-01 00:38:52.079 [main] INFO  com.stackqueue.App - 56
2022-10-01 00:38:52.080 [main] INFO  com.stackqueue.App - 56
2022-10-01 00:38:52.081 [main] INFO  com.stackqueue.App - 56
2022-10-01 00:38:52.083 [main] INFO  com.stackqueue.App - 56
2022-10-01 00:38:52.084 [main] INFO  com.stackqueue.App - 56
2022-10-01 00:38:52.093 [main] INFO  com.stackqueue.App - 56
2022-10-01 00:38:52.094 [main] INFO  com.stackqueue.App - 56
2022-10-01 00:38:52.117 [main] INFO  com.stackqueue.App - 56
2022-10-01 00:38:52.117 [main] INFO  com.stackqueue.App - 56
2022-10-01 00:38:52.118 [main] INFO  com.stackqueue.App - 56
2022-10-01 00:38:52.118 [main] INFO  com.stackqueue.App - 56
2022-10-01 00:38:52.119 [main] INFO  com.stackqueue.App - 56
2022-10-01 00:38:52.120 [main] INFO  com.stackqueue.App - 56
2022-10-01 00:38:52.120 [main] INFO  com.stackqueue.App - 56
2022-10-01 00:38:52.124 [main] INFO  com.stackqueue.App - 56
2022-10-01 00:38:52.125 [main] INFO  com.stackqueue.App - 56
2022-10-01 00:38:52.126 [main] INFO  com.stackqueue.App - 56
2022-10-01 00:38:52.127 [main] INFO  com.stackqueue.App - 56
2022-10-01 00:38:52.128 [main] INFO  com.stackqueue.App - 56
2022-10-01 00:38:52.129 [main] INFO  com.stackqueue.App - 56
2022-10-01 00:38:52.129 [main] INFO  com.stackqueue.App - 56
2022-10-01 00:38:52.130 [main] INFO  com.stackqueue.App - 56
2022-10-01 00:38:52.130 [main] INFO  com.stackqueue.App - 56
2022-10-01 00:38:52.131 [main] INFO  com.stackqueue.App - 56
2022-10-01 00:38:52.132 [main] INFO  com.stackqueue.App - 56
2022-10-01 00:38:52.133 [main] INFO  com.stackqueue.App - 56
2022-10-01 00:38:52.133 [main] INFO  com.stackqueue.App - 56
2022-10-01 00:38:52.136 [main] INFO  com.stackqueue.App - 56
2022-10-01 00:38:52.136 [main] INFO  com.stackqueue.App - 56
2022-10-01 00:38:52.140 [main] INFO  com.stackqueue.App - 56
2022-10-01 00:38:52.141 [main] INFO  com.stackqueue.App - 56
2022-10-01 00:38:52.144 [main] INFO  com.stackqueue.App - 56
2022-10-01 00:38:52.145 [main] INFO  com.stackqueue.App - 56
2022-10-01 00:38:52.149 [main] INFO  com.stackqueue.App - 56
2022-10-01 00:38:52.150 [main] INFO  com.stackqueue.App - 56
2022-10-01 00:38:52.153 [main] INFO  com.stackqueue.App - 56
2022-10-01 00:38:52.158 [main] INFO  com.stackqueue.App - 56
2022-10-01 00:38:52.160 [main] INFO  com.stackqueue.App - 56
2022-10-01 00:38:52.162 [main] INFO  com.stackqueue.App - 56
2022-10-01 00:38:52.163 [main] INFO  com.stackqueue.App - 56
2022-10-01 00:38:52.165 [main] INFO  com.stackqueue.App - 56
2022-10-01 00:38:52.166 [main] INFO  com.stackqueue.App - 56
2022-10-01 00:38:52.166 [main] INFO  com.stackqueue.App - 56
2022-10-01 00:38:52.168 [main] INFO  com.stackqueue.App - 56
2022-10-01 00:38:52.169 [main] INFO  com.stackqueue.App - 56
2022-10-01 00:38:52.171 [main] INFO  com.stackqueue.App - 56
2022-10-01 00:38:52.174 [main] INFO  com.stackqueue.App - 56
2022-10-01 00:38:52.175 [main] INFO  com.stackqueue.App - 56
2022-10-01 00:38:52.177 [main] INFO  com.stackqueue.App - 56
2022-10-01 00:38:52.178 [main] INFO  com.stackqueue.App - 56
2022-10-01 00:38:52.179 [main] INFO  com.stackqueue.App - 56
2022-10-01 00:38:52.180 [main] INFO  com.stackqueue.App - 56
2022-10-01 00:38:52.181 [main] INFO  com.stackqueue.App - 56
2022-10-01 00:38:52.181 [main] INFO  com.stackqueue.App - 56
2022-10-01 00:38:52.182 [main] INFO  com.stackqueue.App - 56
2022-10-01 00:38:52.183 [main] INFO  com.stackqueue.App - 56
2022-10-01 00:38:52.185 [main] INFO  com.stackqueue.App - 56
2022-10-01 00:38:52.185 [main] INFO  com.stackqueue.App - 56
2022-10-01 00:38:52.186 [main] INFO  com.stackqueue.App - 56
2022-10-01 00:38:52.187 [main] INFO  com.stackqueue.App - 56
2022-10-01 00:38:52.190 [main] INFO  com.stackqueue.App - 56
2022-10-01 00:38:52.190 [main] INFO  com.stackqueue.App - 56
2022-10-01 00:38:52.191 [main] INFO  com.stackqueue.App - 56
2022-10-01 00:38:52.193 [main] INFO  com.stackqueue.App - 56
2022-10-01 00:38:52.194 [main] INFO  com.stackqueue.App - 56
2022-10-01 00:38:52.195 [main] INFO  com.stackqueue.App - 56
2022-10-01 00:38:52.197 [main] INFO  com.stackqueue.App - 56
2022-10-01 00:38:52.199 [main] INFO  com.stackqueue.App - 56
2022-10-01 00:38:52.201 [main] INFO  com.stackqueue.App - 56
2022-10-01 00:38:52.203 [main] INFO  com.stackqueue.App - 56
2022-10-01 00:38:52.206 [main] INFO  com.stackqueue.App - 56
2022-10-01 00:38:52.207 [main] INFO  com.stackqueue.App - 56
2022-10-01 00:38:52.212 [main] INFO  com.stackqueue.App - 56
2022-10-01 00:38:52.213 [main] INFO  com.stackqueue.App - 56
2022-10-01 00:38:52.214 [main] INFO  com.stackqueue.App - 56
2022-10-01 00:38:52.215 [main] INFO  com.stackqueue.App - 56
2022-10-01 00:38:52.216 [main] INFO  com.stackqueue.App - 56
2022-10-01 00:38:52.216 [main] INFO  com.stackqueue.App - 56
2022-10-01 00:38:52.218 [main] INFO  com.stackqueue.App - 56
2022-10-01 00:38:52.220 [main] INFO  com.stackqueue.App - 56
2022-10-01 00:38:52.223 [main] INFO  com.stackqueue.App - 56
2022-10-01 00:38:52.225 [main] INFO  com.stackqueue.App - 56
2022-10-01 00:38:52.227 [main] INFO  com.stackqueue.App - 56
2022-10-01 00:38:52.228 [main] INFO  com.stackqueue.App - 56
2022-10-01 00:38:52.229 [main] INFO  com.stackqueue.App - 56
2022-10-01 00:38:52.231 [main] INFO  com.stackqueue.App - 56
2022-10-01 00:38:52.231 [main] INFO  com.stackqueue.App - 56
2022-10-01 00:38:52.233 [main] INFO  com.stackqueue.App - 56
2022-10-01 00:38:52.233 [main] INFO  com.stackqueue.App - 56
2022-10-01 00:38:52.234 [main] INFO  com.stackqueue.App - 56
2022-10-01 00:38:52.235 [main] INFO  com.stackqueue.App - 56
2022-10-01 00:38:52.236 [main] INFO  com.stackqueue.App - 56
2022-10-01 00:38:52.238 [main] INFO  com.stackqueue.App - 56
2022-10-01 00:38:52.241 [main] INFO  com.stackqueue.App - 56
2022-10-01 00:38:52.243 [main] INFO  com.stackqueue.App - 56
2022-10-01 00:38:52.243 [main] INFO  com.stackqueue.App - 56
2022-10-01 00:38:52.244 [main] INFO  com.stackqueue.App - 56
2022-10-01 00:38:52.245 [main] INFO  com.stackqueue.App - 56
2022-10-01 00:38:52.247 [main] INFO  com.stackqueue.App - 56
2022-10-01 00:38:52.247 [main] INFO  com.stackqueue.App - 56
2022-10-01 00:38:52.249 [main] INFO  com.stackqueue.App - 56
2022-10-01 00:38:52.250 [main] INFO  com.stackqueue.App - 56
2022-10-01 00:38:52.251 [main] INFO  com.stackqueue.App - 56
2022-10-01 00:38:52.252 [main] INFO  com.stackqueue.App - 56
2022-10-01 00:38:52.253 [main] INFO  com.stackqueue.App - 56
2022-10-01 00:38:52.255 [main] INFO  com.stackqueue.App - 56
2022-10-01 00:38:52.256 [main] INFO  com.stackqueue.App - 56
2022-10-01 00:38:52.257 [main] INFO  com.stackqueue.App - 56
2022-10-01 00:38:52.257 [main] INFO  com.stackqueue.App - 56
2022-10-01 00:38:52.258 [main] INFO  com.stackqueue.App - 56
2022-10-01 00:38:52.259 [main] INFO  com.stackqueue.App - 56
2022-10-01 00:38:52.261 [main] INFO  com.stackqueue.App - 56
2022-10-01 00:38:52.263 [main] INFO  com.stackqueue.App - 56
2022-10-01 00:38:52.264 [main] INFO  com.stackqueue.App - 56
2022-10-01 00:38:52.265 [main] INFO  com.stackqueue.App - 56
2022-10-01 00:38:52.266 [main] INFO  com.stackqueue.App - 56
2022-10-01 00:38:52.269 [main] INFO  com.stackqueue.App - 56
2022-10-01 00:38:52.269 [main] INFO  com.stackqueue.App - 56
2022-10-01 00:38:52.273 [main] INFO  com.stackqueue.App - 56
2022-10-01 00:38:52.274 [main] INFO  com.stackqueue.App - 56
2022-10-01 00:38:52.275 [main] INFO  com.stackqueue.App - 56
2022-10-01 00:38:52.275 [main] INFO  com.stackqueue.App - 56
2022-10-01 00:38:52.276 [main] INFO  com.stackqueue.App - 56
2022-10-01 00:38:52.278 [main] INFO  com.stackqueue.App - 56
2022-10-01 00:38:52.280 [main] INFO  com.stackqueue.App - 56
2022-10-01 00:38:52.280 [main] INFO  com.stackqueue.App - 56
2022-10-01 00:38:52.281 [main] INFO  com.stackqueue.App - 56
2022-10-01 00:38:52.282 [main] INFO  com.stackqueue.App - 56
2022-10-01 00:38:52.282 [main] INFO  com.stackqueue.App - 56
2022-10-01 00:38:52.283 [main] INFO  com.stackqueue.App - 56
2022-10-01 00:38:52.284 [main] INFO  com.stackqueue.App - 56
2022-10-01 00:38:52.285 [main] INFO  com.stackqueue.App - 56
2022-10-01 00:38:52.286 [main] INFO  com.stackqueue.App - 56
2022-10-01 00:38:52.286 [main] INFO  com.stackqueue.App - 56
2022-10-01 00:38:52.287 [main] INFO  com.stackqueue.App - 56
2022-10-01 00:38:52.290 [main] INFO  com.stackqueue.App - 56
2022-10-01 00:38:52.291 [main] INFO  com.stackqueue.App - 56
2022-10-01 00:38:52.292 [main] INFO  com.stackqueue.App - 56
2022-10-01 00:38:52.292 [main] INFO  com.stackqueue.App - 56
2022-10-01 00:38:52.292 [main] INFO  com.stackqueue.App - 56
2022-10-01 00:38:52.293 [main] INFO  com.stackqueue.App - 56
2022-10-01 00:38:52.295 [main] INFO  com.stackqueue.App - 56
2022-10-01 00:38:52.295 [main] INFO  com.stackqueue.App - 56
2022-10-01 00:38:52.296 [main] INFO  com.stackqueue.App - 56
2022-10-01 00:38:52.296 [main] INFO  com.stackqueue.App - 56
2022-10-01 00:38:52.297 [main] INFO  com.stackqueue.App - 56
2022-10-01 00:38:52.297 [main] INFO  com.stackqueue.App - 56
2022-10-01 00:38:52.298 [main] INFO  com.stackqueue.App - 56
2022-10-01 00:38:52.299 [main] INFO  com.stackqueue.App - 56
2022-10-01 00:38:52.299 [main] INFO  com.stackqueue.App - 56
2022-10-01 00:38:52.300 [main] INFO  com.stackqueue.App - 56
2022-10-01 00:38:52.301 [main] INFO  com.stackqueue.App - 56
2022-10-01 00:38:52.301 [main] INFO  com.stackqueue.App - 56
2022-10-01 00:38:52.302 [main] INFO  com.stackqueue.App - 56
2022-10-01 00:38:52.302 [main] INFO  com.stackqueue.App - 56
2022-10-01 00:38:52.303 [main] INFO  com.stackqueue.App - 56
2022-10-01 00:38:52.303 [main] INFO  com.stackqueue.App - 56
2022-10-01 00:38:52.305 [main] INFO  com.stackqueue.App - 56
2022-10-01 00:38:52.306 [main] INFO  com.stackqueue.App - 56
2022-10-01 00:38:52.309 [main] INFO  com.stackqueue.App - 56
2022-10-01 00:38:52.311 [main] INFO  com.stackqueue.App - 56
2022-10-01 00:38:52.312 [main] INFO  com.stackqueue.App - 56
2022-10-01 00:38:52.312 [main] INFO  com.stackqueue.App - 56
2022-10-01 00:38:52.314 [main] INFO  com.stackqueue.App - 56
2022-10-01 00:38:52.315 [main] INFO  com.stackqueue.App - 56
2022-10-01 00:38:52.315 [main] INFO  com.stackqueue.App - 56
2022-10-01 00:38:52.316 [main] INFO  com.stackqueue.App - 56
2022-10-01 00:38:52.317 [main] INFO  com.stackqueue.App - 56
2022-10-01 00:38:52.317 [main] INFO  com.stackqueue.App - 56
2022-10-01 00:38:52.318 [main] INFO  com.stackqueue.App - 56
2022-10-01 00:38:52.319 [main] INFO  com.stackqueue.App - 56
2022-10-01 00:38:52.320 [main] INFO  com.stackqueue.App - 56
2022-10-01 00:38:52.320 [main] INFO  com.stackqueue.App - 56
2022-10-01 00:38:52.324 [main] INFO  com.stackqueue.App - 56
2022-10-01 00:38:52.324 [main] INFO  com.stackqueue.App - 56
2022-10-01 00:38:52.325 [main] INFO  com.stackqueue.App - 56
2022-10-01 00:38:52.326 [main] INFO  com.stackqueue.App - 56
2022-10-01 00:38:52.328 [main] INFO  com.stackqueue.App - 56
2022-10-01 00:38:52.329 [main] INFO  com.stackqueue.App - 56
2022-10-01 00:38:52.330 [main] INFO  com.stackqueue.App - 56
2022-10-01 00:38:52.330 [main] INFO  com.stackqueue.App - 56
2022-10-01 00:38:52.331 [main] INFO  com.stackqueue.App - 56
2022-10-01 00:38:52.331 [main] INFO  com.stackqueue.App - 56
2022-10-01 00:38:52.332 [main] INFO  com.stackqueue.App - 56
2022-10-01 00:38:52.333 [main] INFO  com.stackqueue.App - 56
2022-10-01 00:38:52.334 [main] INFO  com.stackqueue.App - 56
2022-10-01 00:38:52.336 [main] INFO  com.stackqueue.App - 56
2022-10-01 00:38:52.341 [main] INFO  com.stackqueue.App - 56
2022-10-01 00:38:52.343 [main] INFO  com.stackqueue.App - 56
2022-10-01 00:38:52.343 [main] INFO  com.stackqueue.App - 56
2022-10-01 00:38:52.345 [main] INFO  com.stackqueue.App - 56
2022-10-01 00:38:52.346 [main] INFO  com.stackqueue.App - 56
2022-10-01 00:38:52.347 [main] INFO  com.stackqueue.App - 56
2022-10-01 00:38:52.348 [main] INFO  com.stackqueue.App - 56
2022-10-01 00:38:52.349 [main] INFO  com.stackqueue.App - 56
2022-10-01 00:38:52.350 [main] INFO  com.stackqueue.App - 56
2022-10-01 00:38:52.351 [main] INFO  com.stackqueue.App - 56
2022-10-01 00:38:52.352 [main] INFO  com.stackqueue.App - 56
2022-10-01 00:38:52.352 [main] INFO  com.stackqueue.App - 56
2022-10-01 00:38:52.353 [main] INFO  com.stackqueue.App - 56
2022-10-01 00:38:52.355 [main] INFO  com.stackqueue.App - 56
2022-10-01 00:38:52.357 [main] INFO  com.stackqueue.App - 56
2022-10-01 00:38:52.358 [main] INFO  com.stackqueue.App - 56
2022-10-01 00:38:52.360 [main] INFO  com.stackqueue.App - 56
2022-10-01 00:38:52.360 [main] INFO  com.stackqueue.App - 56
2022-10-01 00:38:52.360 [main] INFO  com.stackqueue.App - 56
2022-10-01 00:38:52.361 [main] INFO  com.stackqueue.App - 56
2022-10-01 00:38:52.362 [main] INFO  com.stackqueue.App - 56
2022-10-01 00:38:52.363 [main] INFO  com.stackqueue.App - 56
2022-10-01 00:38:52.366 [main] INFO  com.stackqueue.App - 56
2022-10-01 00:38:52.368 [main] INFO  com.stackqueue.App - 56
2022-10-01 00:38:52.368 [main] INFO  com.stackqueue.App - 56
2022-10-01 00:38:52.369 [main] INFO  com.stackqueue.App - 56
2022-10-01 00:38:52.371 [main] INFO  com.stackqueue.App - 56
2022-10-01 00:38:52.373 [main] INFO  com.stackqueue.App - 56
2022-10-01 00:38:52.373 [main] INFO  com.stackqueue.App - 56
2022-10-01 00:38:52.374 [main] INFO  com.stackqueue.App - 56
2022-10-01 00:38:52.375 [main] INFO  com.stackqueue.App - 56
2022-10-01 00:38:52.376 [main] INFO  com.stackqueue.App - 56
2022-10-01 00:38:52.378 [main] INFO  com.stackqueue.App - 56
2022-10-01 00:38:52.379 [main] INFO  com.stackqueue.App - 56
2022-10-01 00:38:52.381 [main] INFO  com.stackqueue.App - 56
2022-10-01 00:38:52.383 [main] INFO  com.stackqueue.App - 56
2022-10-01 00:38:52.385 [main] INFO  com.stackqueue.App - 56
2022-10-01 00:38:52.386 [main] INFO  com.stackqueue.App - 56
2022-10-01 00:38:52.391 [main] INFO  com.stackqueue.App - 56
2022-10-01 00:38:52.391 [main] INFO  com.stackqueue.App - 56
2022-10-01 00:38:52.392 [main] INFO  com.stackqueue.App - 56
2022-10-01 00:38:52.392 [main] INFO  com.stackqueue.App - 56
2022-10-01 00:38:52.393 [main] INFO  com.stackqueue.App - 56
2022-10-01 00:38:52.394 [main] INFO  com.stackqueue.App - 56
2022-10-01 00:38:52.395 [main] INFO  com.stackqueue.App - 56
2022-10-01 00:38:52.396 [main] INFO  com.stackqueue.App - 56
2022-10-01 00:38:52.396 [main] INFO  com.stackqueue.App - 56
2022-10-01 00:38:52.397 [main] INFO  com.stackqueue.App - 56
2022-10-01 00:38:52.398 [main] INFO  com.stackqueue.App - 56
2022-10-01 00:38:52.399 [main] INFO  com.stackqueue.App - 56
2022-10-01 00:38:52.400 [main] INFO  com.stackqueue.App - 56
2022-10-01 00:38:52.401 [main] INFO  com.stackqueue.App - 56
2022-10-01 00:38:52.403 [main] INFO  com.stackqueue.App - 56
2022-10-01 00:38:52.403 [main] INFO  com.stackqueue.App - 56
2022-10-01 00:38:52.406 [main] INFO  com.stackqueue.App - 56
2022-10-01 00:38:52.407 [main] INFO  com.stackqueue.App - 56
2022-10-01 00:38:52.408 [main] INFO  com.stackqueue.App - 56
2022-10-01 00:38:52.409 [main] INFO  com.stackqueue.App - 56
2022-10-01 00:38:52.409 [main] INFO  com.stackqueue.App - 56
2022-10-01 00:38:52.410 [main] INFO  com.stackqueue.App - 56
2022-10-01 00:38:52.410 [main] INFO  com.stackqueue.App - 56
2022-10-01 00:38:52.411 [main] INFO  com.stackqueue.App - 56
2022-10-01 00:38:52.413 [main] INFO  com.stackqueue.App - 56
2022-10-01 00:38:52.416 [main] INFO  com.stackqueue.App - 56
2022-10-01 00:38:52.418 [main] INFO  com.stackqueue.App - 56
2022-10-01 00:38:52.419 [main] INFO  com.stackqueue.App - 56
2022-10-01 00:38:52.420 [main] INFO  com.stackqueue.App - 56
2022-10-01 00:38:52.423 [main] INFO  com.stackqueue.App - 56
2022-10-01 00:38:52.428 [main] INFO  com.stackqueue.App - 56
2022-10-01 00:38:52.429 [main] INFO  com.stackqueue.App - 56
2022-10-01 00:38:52.430 [main] INFO  com.stackqueue.App - 56
2022-10-01 00:38:52.433 [main] INFO  com.stackqueue.App - 56
2022-10-01 00:38:52.441 [main] INFO  com.stackqueue.App - 56
2022-10-01 00:38:52.447 [main] INFO  com.stackqueue.App - 56
2022-10-01 00:38:52.448 [main] INFO  com.stackqueue.App - 56
2022-10-01 00:38:52.450 [main] INFO  com.stackqueue.App - 56
2022-10-01 00:38:52.450 [main] INFO  com.stackqueue.App - 56
2022-10-01 00:38:52.451 [main] INFO  com.stackqueue.App - 56
2022-10-01 00:38:52.456 [main] INFO  com.stackqueue.App - 56
2022-10-01 00:38:52.457 [main] INFO  com.stackqueue.App - 56
2022-10-01 00:38:52.458 [main] INFO  com.stackqueue.App - 56
2022-10-01 00:38:52.459 [main] INFO  com.stackqueue.App - 56
2022-10-01 00:38:52.460 [main] INFO  com.stackqueue.App - 56
2022-10-01 00:38:52.461 [main] INFO  com.stackqueue.App - 56
2022-10-01 00:38:52.463 [main] INFO  com.stackqueue.App - 56
2022-10-01 00:38:52.465 [main] INFO  com.stackqueue.App - 56
2022-10-01 00:38:52.466 [main] INFO  com.stackqueue.App - 56
2022-10-01 00:38:52.467 [main] INFO  com.stackqueue.App - 56
2022-10-01 00:38:52.470 [main] INFO  com.stackqueue.App - 56
2022-10-01 00:38:52.470 [main] INFO  com.stackqueue.App - 56
2022-10-01 00:38:52.472 [main] INFO  com.stackqueue.App - 56
2022-10-01 00:38:52.473 [main] INFO  com.stackqueue.App - 56
2022-10-01 00:38:52.474 [main] INFO  com.stackqueue.App - 56
2022-10-01 00:38:52.475 [main] INFO  com.stackqueue.App - 56
2022-10-01 00:38:52.476 [main] INFO  com.stackqueue.App - 56
2022-10-01 00:38:52.476 [main] INFO  com.stackqueue.App - 56
2022-10-01 00:38:52.478 [main] INFO  com.stackqueue.App - 56
2022-10-01 00:38:52.479 [main] INFO  com.stackqueue.App - 56
2022-10-01 00:38:52.481 [main] INFO  com.stackqueue.App - 56
2022-10-01 00:38:52.482 [main] INFO  com.stackqueue.App - 56
2022-10-01 00:38:52.483 [main] INFO  com.stackqueue.App - 56
2022-10-01 00:38:52.483 [main] INFO  com.stackqueue.App - 56
2022-10-01 00:38:52.484 [main] INFO  com.stackqueue.App - 56
2022-10-01 00:38:52.485 [main] INFO  com.stackqueue.App - 56
2022-10-01 00:38:52.485 [main] INFO  com.stackqueue.App - 56
2022-10-01 00:38:52.486 [main] INFO  com.stackqueue.App - 56
2022-10-01 00:38:52.488 [main] INFO  com.stackqueue.App - 56
2022-10-01 00:38:52.489 [main] INFO  com.stackqueue.App - 56
2022-10-01 00:38:52.490 [main] INFO  com.stackqueue.App - 56
2022-10-01 00:38:52.491 [main] INFO  com.stackqueue.App - 56
2022-10-01 00:38:52.492 [main] INFO  com.stackqueue.App - 56
2022-10-01 00:38:52.492 [main] INFO  com.stackqueue.App - 56
2022-10-01 00:38:52.493 [main] INFO  com.stackqueue.App - 56
2022-10-01 00:38:52.493 [main] INFO  com.stackqueue.App - 56
2022-10-01 00:38:52.494 [main] INFO  com.stackqueue.App - 56
2022-10-01 00:38:52.495 [main] INFO  com.stackqueue.App - 56
2022-10-01 00:38:52.495 [main] INFO  com.stackqueue.App - 56
2022-10-01 00:38:52.496 [main] INFO  com.stackqueue.App - 56
2022-10-01 00:38:52.498 [main] INFO  com.stackqueue.App - 56
2022-10-01 00:38:52.500 [main] INFO  com.stackqueue.App - 56
2022-10-01 00:38:52.502 [main] INFO  com.stackqueue.App - 56
2022-10-01 00:38:52.503 [main] INFO  com.stackqueue.App - 56
2022-10-01 00:38:52.508 [main] INFO  com.stackqueue.App - 56
2022-10-01 00:38:52.510 [main] INFO  com.stackqueue.App - 56
2022-10-01 00:38:52.511 [main] INFO  com.stackqueue.App - 56
2022-10-01 00:38:52.512 [main] INFO  com.stackqueue.App - 56
2022-10-01 00:38:52.513 [main] INFO  com.stackqueue.App - 56
2022-10-01 00:38:52.513 [main] INFO  com.stackqueue.App - 56
2022-10-01 00:38:52.514 [main] INFO  com.stackqueue.App - 56
2022-10-01 00:38:52.515 [main] INFO  com.stackqueue.App - 56
2022-10-01 00:38:52.516 [main] INFO  com.stackqueue.App - 56
2022-10-01 00:38:52.517 [main] INFO  com.stackqueue.App - 56
2022-10-01 00:38:52.517 [main] INFO  com.stackqueue.App - 56
2022-10-01 00:38:52.519 [main] INFO  com.stackqueue.App - 56
2022-10-01 00:38:52.520 [main] INFO  com.stackqueue.App - 56
2022-10-01 00:38:52.523 [main] INFO  com.stackqueue.App - 56
2022-10-01 00:38:52.524 [main] INFO  com.stackqueue.App - 56
2022-10-01 00:38:52.525 [main] INFO  com.stackqueue.App - 56
